anger=0.013663969549270684
anticipation=0.02523319968897936
disgust=0.0123054687671289
fear=0.024649013721677604
joy=0.023673502876949016
sadness=0.019984311362642414
surprise=0.014277862024701462
trust=0.03548206973729945
