anger=0.01644738116335296
anticipation=0.024460610263723582
disgust=0.013572759718985361
fear=0.025235624092711056
joy=0.017192359342795827
sadness=0.018235267739131342
surprise=0.011817562964401033
trust=0.037126424222356506
