anger=0.012622158486806135
anticipation=0.023759430675681415
disgust=0.011888749342981748
fear=0.021987647770158457
joy=0.02581595073808458
sadness=0.01853582578790335
surprise=0.01344336055993459
trust=0.035147544388521634
