anger=0.01678502701392582
anticipation=0.02726719032508017
disgust=0.014412029248843902
fear=0.028270147480355168
joy=0.026330403542655034
sadness=0.022693506884809582
surprise=0.016432577204619873
trust=0.03818145518395961
