anger=0.011967296268274004
anticipation=0.025013442295706307
disgust=0.011120851373853933
fear=0.024221346071685253
joy=0.02068681132459972
sadness=0.019309912323218315
surprise=0.013531242836503397
trust=0.03361866397795893
